$ANSIBLE_VAULT;1.1;AES256
62393734323665616466376366356231326430376131353366363663653861383765313730393837
3062363866623563303265333834663265396132363635330a356432336665343666326432363562
63653734386139626637643761613735643764663861623764653934323538333166663965306564
3238383066373334310a636635383239613465373337613932393964663631373866383565393565
34346539353361646335343836363464663263366132633465333631626466386265366435656631
33623731666331663065366261353934613162313238353539323532343039333736636565376439
39393862353264383937303164323331303337393130346530373061373833366363656661636133
33656230646437386633653865306535323465613038373432373462326264373832363236313262
35383437303438316664656535623762623133396438303231613166353062303561363965346633
65383733306337653163633239303263396231386639643266663232343462663538303661386132
34656164343836386539383234623333383664303234613063613234356161623965363863333334
36623661656436653061633562343533336131383864653534653332633933323834646131393439
32393632373166363733373062376233313164663365383361366339383330353461656165663463
39303431633138323336303330313538613435653639393937653663613438633130626135333230
31666361393539626638653764613036323330633637656138366230613536643737613564653239
65303162616264333731653337633637313136663836393761323533336263343430363264353731
38616234346562623336343864333838643138316261613834643565353139653232363562303830
39636163316535396564323739643561623230323935356561386131613262343931393138633462
31393466346430643435663436356564663237633436336532653363313266323231366633353238
34626131663832386633626166306462633566663862366463313431343062323163663361313365
36346531636563346533646164343462386433643161623134313162303435643236333466353663
30346565376339326361336131313639356531666136383639363636633563333266306266633564
64366337656531663539373336303335656564306634633766376432366538343136353437643630
66396234666234386330353230666631313861366664626431313363376534613837346465393739
35653638346163623765633431633535653130656264313763303534366533313739333664376539
37323135643938626262396566396365623765636235626566646133633863653830636164303165
66306566303335366462373431666464386333333265366630636563363666393634353965396564
33323864366133656132386539633635633334323665626235653939326166376634653637663035
61383738626165653766353231623234333161626632386635653933646163663363356637626139
34393964663861366231343633356365386661623736656262636665333635663033663332663533
31336265623433383833393735653862646461376639623039313536666165646265616237396534
63653631393763656262363566633463383362393835363563363865343137373431616462643561
30613965326338323661613739623261323761353530613965306337363537396134663533386135
30373861333730636234393436626165323932613535633965313231383633313163306533373739
35623961633035313537643330323962373464623634613031663332623036333633303763663165
34383531633564656130323439303831343731393930363239653263633666333062353234393839
35393230393163383566396636646365626332626539666434656136353164316633663338393434
38393362626438333464336233373666303430636337353834653533653337373234366161613861
38666635363132313262323339356536393966353664623336386566303538326266313739373430
34653234343339316338306364356563326236363162636238373266383834343164323435383139
63376163373166363465326363386539653434633733333831646461613566656237626333343231
31303062336535643863346463326664386538373038346238633032613531346239623335343232
34333231323538643337613238633631366331376166336432396131646666366539613032643838
33386231363664383239383435373030303430303663643236656562643361363163663236303137
33386638356633376130633162343037643533333364326666653833643463303461633731633062
31363631326566613863326633386330656139373530316635383061643063373334613566313733
38613732313261616338313336363634623665613565393638663931386561316637343665353366
32366363636639366632666338633461333739366463353663393636343864616463393030313465
66353839366166303061363033303266366439313031316230646361383961356135663737353562
65313134313437353835623737373339356237323434313036323530613530356534613666383336
66633065363731626234386636366261663964636264343366643631646366313832383066373338
37663731353130633862303763383464303761383265383066353637346633313461363337636630
36306461366365343533636432303032353463313034303366373837343165666137343766666334
64663331373330356530663361333062626261363262636365383665633062343639626430306136
32323137636237333836386261656665626133613832643733383834653662383639326434643836
65383431623738613237363964303735653034613763636136653063323931653064326363633939
61316264353034663063333431393432356631333034326133396237353837353739636539376161
63616334643264376638343830643330323132396363363233366463353332653361346562313438
38313130326534313839316561646534346339313966386237663364353130363065373938326230
39366331366635366434326533633265623130623135653735346335333139653638313738666538
37393538643533366137336332653737383634313138316435306439353663363534363431646131
65373138646435356561616339643866333135323930316139663131376632343232333133636365
63396465313036333733306665356533373331623166643431353839366265636537623337656664
36313461626339373334326237396434633039643831666339613137666135393439316631363036
30393462313263326333366464663532656332666166316331616435626537303264393866316564
39326562356638343939323763636363633437386539346437333261633566306164356533313262
61356434393330303732363364386338373062626365613438663932306432373064656261343466
35356134643630643638383532386538613264633139613862313765343639313730343861646661
35633663636238653539613339303035313939396363316564386330663532303035643165383239
37373662323133653962303636346635373964326436646362623263306131306262633534393865
66343534323737333835613532303437623935323732333334633965636465643536623464363930
65353237363035383333653662323466643338396135396265323561666638353936633138626432
34303162363031613766666236313737613038333162326639653332373937616464363765646261
37376137393937666531383063386162313938623138646136653663313137323735666665363633
38356333323130316131656332346634316364653462333430323033626236313331616537373562
63633730313739336366643466643337633739396433396136623830663333643533396562633066
64383535396638393563333363393833313463663635633432333935616263623663376135363638
65316633353439323338303163653439643732656264353634363635613437346363656137316636
64666263613936396563616330663964363830316333663364393261613736363965333338613633
63333831326635333963623030663461643362346165303531396231356337656566386463323066
39653233393137363132643735366530343931613537383634376337383264393461326134343165
66646665636239363536393031353238353963396432383431383431363936363733663634316465
38316163303631376431353933393763646633386362373739396536386536343332643134326663
38646236643963633432303330633032333064613032373631393266333135613438393434373764
38313336363335336666613666376266366134623632383038316534386237636265386537333638
31643766643832646537633761346137326665663438366363353838333635303362633561643331
33643762353263386165353661653936373630323164343461303164336538376365316465616534
30343237313031623135306432656662613336626665346535373663313963393337343264303630
38303861633336623130313431646664633532303238303738323963326431623762656266666437
35343661653565303161616534623239653036613665633133316436373631303661616636653235
31383531386439653261363134316661376132326130656561303263383438333333373263313538
37643238616539653039
