$ANSIBLE_VAULT;1.1;AES256
61303361353137653936336135353032613130373339383630363333666539313061643166336134
6438656632313539333264636661323333383633356436370a313235306661656363623536333136
33363765303936343838663232313335376230363463643439646339323039386265303735383132
3037353538363862370a633963613738636165386133623161363965376639303231306238363033
34323737303766346237623336623063316639373962653962376336333865653831313932636662
33333836386338636431356639643930363832636339396232653266303633613533346338313536
39316661353136663234353630653365323534623338356439653861326331363830633863346362
30373638393761653665643763616435376434323331353036643263616666633664636437383365
34353033663062336531396165653063656239633830643962646534623831646664663234396433
65313339353736643039663561316535316663383932613563353133656633333139613766363165
37326263636438613035653363616239663236656566306631303330626533613733646637633461
62396563313861343530326630346134373136653732343736633736613632653166336535393964
33316163643437323231383131356463396335303239343730666532613330313537393637636566
31353634323831303930613462633538366461643165646461663937326236643864303233386336
65646432393234376439313338303632663461356639356362626635323037336336323435626538
65623438633364373933613436393834613437386536333138306162323332323266633735373262
33633034623037643339346161653363626434393435636530633434616637303861353339623235
35373961366439363134313765663864326539663861376238376264383837373333303361376337
64323762643130393464376461623732666331666564306264373462666533356333396166643162
39356163366465633437663065306564663265623335663731386435383762333336393231643235
37353636643236306666346163313062643635343630623030323764646635373835373062316465
39326264303134663030373164343437313636653239356365393639373135336134363736303361
38643966646161333937353162346365313164363463363931353464393265343163353034653764
36306436303565373633643531643732393535366430346137383630373638303366613138653162
34613234393232353966386639623066323632663830393261376538616339346635613133643236
30373431383365646139323834616430623634613063633238636534313639386330663538653837
64346363366266383935373932376430306266396238626164393664643833333264653034333336
38393838393435316464303630303436393234393233326664643265376466376661636363383534
30646336663537306461333230636461646436616336343865323163616635313237636562613465
35626336323063646331343737626334306630353739663037646436623766616437376165336363
61613637313061623837346138343138346165323662626663323231336138626639323331363436
39326262396465393130653838343331386666613462613264616564393136316134633333626138
31636135356238636466303438653030623034306465646663383761316261663630363732343732
35393062386235353239303530373936333130373436343161313966613838356435666166383633
31316365393631643935333165396639306136386237633738323135633138346634643235313531
65653066613138663531646338356236316630633036616632653836636161613164306437373038
31373433383761646536396338626534396365663639303335653139383735663835306236663465
66333465353639366238336463636339646638653363623432663764633739656130363833663930
38326565366362393933376537656165396337626631313835346635613936303938373031616233
61363330613934326133313165303732363865633264666638653037633766306436616561343631
38396266363931376537333239656562666466323861633664346430636530363530323566643361
61636236393830393839656562356366383739623934636533663130636564306631656638323161
61363265653862666632363763353066633038303734386465333633383363393838343532666337
33643133313763386336383130343265383362363933356663636130666164353562323662343934
30303331303935373965633032303331643333383536616432366362333261626233623838373131
65666162393739653939646135383265383661656166356165663763363266356164343034356633
61346136643434333735663266366632313833336665373838633363303535396130393463663732
37626365313430343266393438383062636537336333636130383864613765343238616165386438
61333531636665353063646464633934323030303665613966656536356632363331656163653533
37663032656337313333366561316365663862396235383138366635666233306535626462613632
39323264383963623634313965353630376639613665323237333934323264343561633931356637
65643337303833356665303736633865353034383065623333336364636331336466353236613563
31353466343962383364663530363834643335363530613162633231613439663865636635313932
63653161303932393035626232626435373430663230643366326432623538336132313163663333
33643137613939623235626336376266343165643463623438623639363739336434396539393230
66666563313431356363633065383332333337653236303134643933643936653236393437336439
61613636613361386130373633313530313361396638303939623935333865303063626339353761
34303165316263323339643930616665353539313636326630613731643430656164326339313262
37376438373935313761646266353365356632633734653530366537306165323935613039623630
36343834326162643134636263653462336437663834313366383936396533326564643238363836
66303065346231336563333766366334373562316264303462376131343533323961316531653738
63323938646565363463646234306533383931393735373238346565376166393437656662323632
39353864393766376532636137313164633730353030376632376437643031346332666331663434
31383634313430633737636331303038363966396333393862626333393031646339306536323438
62616638626236613261393335386531643935346566353338666532663465633031663133353935
34626165336638633835353362616465626565646665363366346466646338306230393233396334
62323363623831663731353863666531656134343032613331366234306131396339356334303562
38653362643463633838636531346436393461383263616237363865626236663037613666663462
63343639616535623561666131363930623864386263393936643266333137636636666662613030
61653033636230353766653466326561366337363339356231656562336231363933303236346464
37383333643764386634653366393735613232663639383236376437303365356562653732616335
34356536333663386237313436646437623663623232623863643763633663306262336234396566
61393933386562633234666266646535313033653266326630373336336639363938373531386362
64373532306434663238313266363764343338303631306437323163666234653563386162643330
66666138316631623630326131353065373963303930366532316139306435306664306339346532
35306131613361636439363063346236316362373864363063313331353337303337646564626439
62396465303562636661363565396430616263343633646639336133323366613836333938303238
61353839643366333737383838613362356537383038663663616638323631306430643761336533
30346662383065613937346139636230393934386139666535383839333838613565363734656664
65643832396463663030623665393837616163353030633063353766363161616534346339613032
64396432383430393033313731323766666139663636313065616139343561666636646234323761
39343737393065376531626531623638323935396333313861393836356130353536623563333336
36363932326131336565343539333437626362616464333935303666313162613463343339346636
62623666636538353237346434643133653732633263643835353163316665633164343735303834
35353265666433633466306462373064336631376361643134333039646437663637
