$ANSIBLE_VAULT;1.1;AES256
36323639623362363536383839393533646263353530326566336535303733313362323934613765
3032373934613233323539306130383963333630316362300a306461326662643333636662373931
32643030343839386565323837313365336137313932663763653466363233633861336432376133
3838336331356466350a613836626236366632663839636139353632313231616665636237376533
35306261316263636137353161626661636234393635353233363462663963383563333461346531
34656162646134326364393737383264323332393061393339383933393463633534626466383632
65356465303634376664396562356363383630643237396664326562383239386462353464353065
34656161383037396336633832623237633734643364346165643039373630346233636631393163
37323337373638393035363638623735313531316161353864353334363535343539383739633337
66376163626334336634346162656631333361333030336139653439656536643762343465373566
36366639373738316538616163306363646639666165373762303966643263366137663065616338
65643131303936313938343531386233373133363232346437303062626238616237613736353364
39666233336333346132663935613736653531343063613666653034636333343562613561313939
33376464323731653337656362643562333936653330373236623039356633643539393939376162
31396630313934303261303335386363363039373636353632316130616438343037383831373431
31316634316338336132653461393566656161326165366335303863633430383838643937343537
36326265313732396639626630346563633066303932316635636234396232343231326465643462
34353464653537323335343339653263336530373037656464363462306438346236306134626536
65666538333866656136626561623066323762323931666263633166616331393830633137393534
61363062326239396164333065306637643863356462323730613530653162356438653661316133
61643862363132666238643131316663343934383166306530626537616635393031616438356636
63633434656538323436353239336630613962613932643037653165666636633038363661303261
31396562323434633132616666333634313330326137386362396633306561376463643339626338
31623134333936323334333239633834393333366466663465303662393135306464653735653736
62653834346461303634643936346366326561306232326637316131303466396363373335393931
66633834366362353930333566353238666237383361343936316161663961623863323231623765
33383339326465376232383735353664616266626662393530323338316661616630346533366366
39333939316530323464373465396533653461613238336637373836373338303931626230373637
64636630306132613064613965636531346633663939303036333630643164656564396333323530
64346665393431346561373966383366643337373162353465643739333835313161633639333839
34336238343636376665633934643166336133626439383332313831636236616630663136646362
36653134636234646331613364613939343936326231643935316163363030663035303333663636
62646531356337386466396133333165643639636462333030383530376130653138656333393438
35623732396162373433323234336536323962393537303335363032393962383332626538363564
38313936623938653938313064356662303065363738376131613465376639363562313035636230
32393465306134616239316465666232326530353037366330303263313831623662353630323638
62623935386430616130613332633438613532623631353830636564343138356539646365626538
33333134636565316633343864316431363435383931623938363932323730663134643964396166
31383633373830376335633735303466393066643664333263636337326237633030373937316637
62663032373135663765396338613436383639393465353034623261383538306361643634353138
30636435326137336132633264613731663266363230623663323361336632353230393365386266
35323161613865396635663130623535346261396664346633336162376331363834393361333661
31326435623836663434653463393966646537393363623234373639633235373730636664643466
36623566386530393936303634326562633233663637303538343530383766626463363030623462
34383564323638303334663338643434333766383334636138386461346330643234653465323731
65616330646264306535393738636663613838363838613132666235363763386663376238376535
63396234346261316333623431326332383537323230613539326437656439343935653933366238
62376637346338383239636635343261323466636137626265626364626363663565336264653665
34343236373236636135323439636436376235343930643666306134396666643138656638646562
61303139663931643766623739376331663437353333643665636462313537336263633831616464
38313934616635363438383233663362333461326464356531393735373462613863336463386335
39303637313032333564353065356534393663656638663363626164346234626561373434623263
66376630313964656431366133353839326433353231646436336435363666303431343031383062
30623964323065666133313362643237643466323133323266303738333939663931363638636539
35363336646332383236363361633534326638303335613236323630306439333439376564353037
33643561636537303937383734313138303365336334653437376537366436623530313830633136
64373833323939666365356262326563613532623130343335343264636462613335396134353165
32306262643762333132383635653835616435653363623162616538633739363366336632633434
38616662643734393266633365626130343836353433393466376563353731333630353661666662
64633832366437633033363737383836333263653233326233616430643366396632383235343362
38616562643261396133323264323066616262336436323964326236616135316362623365303761
35616135626334663461613531313261636131333666343533313566353036363161623433323439
35626161373764323131313437316665363738363731373530303063333665366134643261383065
31346164353163613032393464616236326161393835346261386433613366623239396234626639
30653765663364386461346530643038356635393537386436653862363935323036623064393734
38653364646434316362363830663166336530386131336335636532306662623863646432386230
66376439666464333062633239373666303164616630343836393333373237326335616138306663
33636135643831346338616234633838333736323461346536326532646165363435323665386133
31356136383837336434633934623465306462343134313666363839626462626661633466393534
62636631663839316231316430356565656430333938353332336531383230316162646337626563
39303261316634663633333338306335633335343931396338653238306331313731643631656634
31633133303338343139313963643738313761386234396236626137303434663035316262626465
34346436663532313332353035613939663335663035343132303064303533623832313130623565
38396237646433393966383565363237373733666532323531366163353532666166626231356265
39313332303665366564616334316465373439636166346262363464653765393237376537363835
31363335393763306262313961333432656431396239396661363361666538646332396166376662
61626132663735393233626163353766336632643434386139383632643835646138353864383531
31343164623434373066613865663665666666653462333161393863623832326334646338623364
30303636643430356565666633616639633165646164316331656434356364383739653533633638
62633031633031646362336330336261666164646637366161386464616431353163343564366161
37663530626637643836633931663064613063666562643139626132383565613264343361323932
38346138346535333736313438386537613564623135383532643734376639666136386633313430
35653136316538396539653532653330613736316532656566393834353030353563663338666632
66376135346234663663366265666331303963653564363365363132613536383036623831653834
35616263383264346466626262326164663730613466653334383164633233333538376536393665
36643531633838653033333965353366336666333965343837343264636463633135383264623733
61616235366138663733373833663632666436623330336432323565626234616530663534623330
64333465333964656533356438353263376561396462323933316430333461383834663938646331
65373265636336656338643164623834303565303733343335646235376161613864366134343630
66326331393731393935323234306437653039383062626637363932613438663762366662306361
37393939656631363135623132643461363362363862643932323038366661383034343337386161
65646138346136663361
