$ANSIBLE_VAULT;1.1;AES256
36623062396530613036323935313935303134653932333635393131313932396536663966636339
6366376535623237303530326230653334316136353534350a396139313232643131313338323566
61623934633831356361373961623237336263353763633938323835336433626333383437346665
3164376634373064630a323137333161643264353736376361383461386264633836653133613134
33383134623338316638663837623965306133313534663764666264373034653432366634396333
63326365323937393335373631613265343535653538313461316534643366326665373035383564
31633862613833326331356663353336303732353362353534306464626438323836373831353730
33343136386331333930626231346431363837313338313162613762656136376265306538626463
37626666613632613038373063616365396165363937643665303866343966303466373636636562
30343265353238353836373866613733383961346630636562366463626335383937663562336566
61343462623665356230313662353638623436623061303633653966373331623136333938383937
37376133383935323431303338653039383662353838653561393339326662303164643362613833
63313131656630363432313531306332383939653736306337303936653264383864326630643933
65316565656437363961366164323238306534356566333961366663613530383066326365363932
34366662616532336365626431316634313032353837626134656663343263633139666338333332
36386639373662663831613663313666356336646230646136356335656233313732653063633662
31353762356565373936336564373961343931393837376466333330333339643535363866383634
33343765333133333734666430386535356262383131323834333638386437336363346433336361
39336561393364393239623433653063313466376362343835333962333165636332383965363233
34663539346238633939316562336334653434333030376662393437393866303137636563323964
30306132636238333463393835333931386339386234623762313363353333623936383730623334
35333131393235313064303761353334323139306135346264313164656265373561366539646166
38393933383037666234383532323436376232373465386566616261623366333266363638353830
30303063333539313761346637623166343932303231306261656230363931643062333837366236
32346633363037353030626439656337366362653334353365353132373162623039656562326437
38653830643966343836626165356563633263336636613233636566353838333462303432323763
33613238653963643035383636373636326564626231633832376634326566316131666564646234
65636131613664656337313030623938313636323639616635613366643233303665646166613466
66363932313464323837333633303531303831633266386362326463663632653461326138303834
61386666346532636535663430666238303636393239636161633366373732633431663837376131
63303262356432393030626233316437373331333534353162333535373638393138386462366463
32336536323062656664323735383632333331383964376632336466303664316363323333366466
36623932333666666337333434613837386132616437323733626664363366393939306532616435
66333635666264643931623966366461316366666230613638316163626135363965633761633364
32636232306339303330376436643836653762643038383666333430623136343236613261653434
65653636313263313934636261646331303735646236666231636233643839373939393866653362
32353530333332626535373833306430666131313939326165323636366465336666613161333766
62643638653134346564386434653364646365653733346536366339646533373966363035323036
65326238633634386631363034333337353061393635663630313137356166356330653130326439
36656362333232356337366365653466386230626632346437353530663332346238623362303638
65616338663161373461396266353833636163663733366539323765316130316538336437303638
36326262376537303735303361343632383737353238343065363831633139613137336333306239
39373832636532373035316239643139323263333730363535303237663962316265393966316166
35376535303535303963653163626435393834376531343132343233653437386463636466626533
39346264643730366262316435303361376434303465373063616662353363643261306236663733
62393933336165373135663837633833383263303030633261346665326462346363333535363638
37666334396165656366383065373135613461353362633731383533313739666663613836663464
33643261396464363037363133366363306130613263363633303463633632333665643837313263
32663033626331306365383666363365613930646638626163653132343330616331633662366162
66643537626366646430643233656131356261613361623537613031393530613362653537666261
34613831393636633431666633616433366361643738323038653831396663613763643736313662
61313836396264343737646437363763613062343265396639316630333666333936353561333133
39613035633336316238613165343239643530666137393565636561376334356531393266663132
65663465303564633262303933393233386636616465633063616530616163393832636334323663
62383835636165306130663031333231613661376532383730613134643362386533613634383864
34366532316263613836356630353532376435396135613765376262303264333534326331656535
63303263306432656463303534366131633233636537363538656430326236316261653033663337
30323636373332323937376563633463386366323038373233323864383038376666323966633035
35376132653761323936383735616463613135336665613633336335316635393039613464313937
30386463303837386136613963613065346564306239386138636338363635626539343264653066
33663339633863643431616336633635373631376135613461353263343630303762386166363764
61613732333862643633306165336464626165636630643436653438623335666538376665636362
64636133393439646336663363343564386136396536626637623962393663386131303735303435
39336662393065333061373763306464363739323231386561383337663962623763393166623939
64396433373333373130396263393533383062343531633738343731663137623936363764393663
33343464383834303564303830366561393462396161313532643934323833663262336532393735
34633431363361363061393761353038383834633365323333393061636431613034336239393662
65353337613134356463353664643762303761663934336535656338643432663461656632363030
63303430363564623439373236643132363131646366616138326231373731323036356330656439
33656166326365623139386561326161636165643539616634623565336631643732633437376639
31396461373031646233346438613433373030613361313931346236343931653364393237353435
62303463336634663336346565376661313731356566386435393565646664373965303930663630
66343364316366306530663238353363333036396263313239623961373438663063323632373436
66313039653032663164653564323336626539326335396232373439393038323635353930393536
30656535656265333566633263316335616333343861666131383631353630396562373636613731
37313635316265363633346639623830366132656661323362383030363238616162366631346438
64376435396334643964646533653535333064376661346664616464636231633162383131343635
61623362646662613839396339366330643533363134343863376564393137643734343036303131
62306535333661333234373533303133626534353265323337323164366438383130343630373733
31616231363464646638396463653366316262396136383334336366373062303639323334616534
62393033313362386138336461306333373630383433613631316636313435383830353364323035
62616531306463303331666530613538623630653764336539363730626639653865393938633032
37633664366430653233393334333731333336666336333063393635386238333836383532613366
38386132613833323165376331366465663438613439613935656530636530323064373733643235
30373662646466626134303639393831366563646530336263643165383636323538653734313861
36353238373266356363613034366336323032343338336561336161653263336564663732663330
33663135646634653066353265613033343161386463316132363837653931623461363730363433
32363534666261343237653931386432353631363933343366363762313062383237613566636164
38383861313464306261623862313334383861643339333565613433383964383438333732633038
65396236316131653831643935623935376338613338653963313030323837633035356664303234
31363864316464343933336633373761616537313339383463656637653137346432303739363366
35646633313463376634
