$ANSIBLE_VAULT;1.1;AES256
63626366656137653162316263363232343062653733313064663831346439326238316535653435
6333386633656335366264306638643432616438663464390a326466336566376531366130376161
30613061393866663935363766316563663733353962326163303066393733643938636435333838
3163646332663464640a653937343633313166373938646365363763316530623233396433386663
36306363393462303164366162646261396364356665386431666435393737643133316165333063
33346566646663623738636633323132656530323833383138336333323839363433363262376464
64623130353262313062633161653564373066396135633134613064356135376161336666653931
63633930613437383030386232306261376231626362616432383263316334633935613263613661
66343436373137663164623965616130333133393630653533336535326432666261306233396135
31343933613565616537383966626233626135343466353864346436313265343531346233313336
65633237313863663330653833616362636465393864616264663530653534323561333731623632
32633837363937313362346636303939383037656163306162626163643763373836326338623566
63363163393238666435386234343236396431333834613763303832636639313730336135376163
66613962613532646265383333326361633435303461313762663361613165383334656431333737
33663134616334623936333436663066663636396534353065373264646262316532376164643037
35326430353466353738643263353036316532653934386266386437656433636361666134323039
38356562663065653632653537643364643230626333343931656635343130656266313037663737
35323038343331346363666530376232346538646533303366303064313564613839633035636164
34313366623563343162383433313232633462633738333838666633663531623166353236313333
65323532623938626134383833356566353436306164316337623361643631613733653533366264
31323430616464366431613765303762313537313865626230663566336136366362396164616562
35316231396236396431653664613366386231653831303339363338663330616430316136643232
35626561613832313234646461333437653364386131646334613264346431373131333838623030
30613830303432316630646632363737613635326666326137373563653931613335363932326134
61386561356431386462396137353431643536396334653232346164313030343536666234313638
61303333343132663036333662393736636432393136363038636463323161353965373238623063
39396366353563373834666562333338393565633639636633366533653938343061316364653033
34623366383363333561343438636633353037383161633531336430646232636532353134646164
30373664336332373262626530343530646532613338636635656466636130383663376436623061
31343963336161366565373033323064626435623138663434656435373333633634633864306661
39656633666433353134626230363266303538373930333630626438313735643638313833643265
36336363376266326332396261666664653932333939343436373162313539323534306231346461
38363362336131623961343661613965393134613433653537666231643236303136326535383733
31323138363237333731613734336137646164663965616233633762666431306633653233386262
36613834353863326432306437646438353666626336366332636230326330373733623834396139
63326536323338353238306132383532383465636133343461306239313633626235386337346666
65626133356139376530383932663839633330343466333438323865383132373337303630386161
33323636356236636338336539313762653431343137373964663764396664356161366336613966
33666361616530393265313934353035313632366230666138643365323636336235653064333661
39376539346664626364383834363733356433326164613339643434643732633864646632646363
30363631346537646432613231396264633431363066373032613234333231346262353839633164
66396262393039353432366537656463313037353030373862316539656130373863326636343937
62316465356636306135373734626237313661646464623837653735376637373933353635623062
32353734613463623836633238663134333464356164363236343736396239366264653739333938
30313366303631393236306336383364623364333565316463393539323762613037613231373561
30633639613434656336383861353463346534366364633230643030333537653837396465306462
62613862356437616137326532353362383830653630613562656561616537333233323739336230
34373332613136653833613033623335346430393630306335396164316436366265656361383935
65633836303232646465643666316666643634313336376661316533303338623766393933373334
30613038346230653762623234373062313335666434316532353239646436643463636535333265
36613138666531323062333737376663306262633833383764376130653031636436613664613639
35396638616365306364643066626563636362313835363361316533323861336534646332336234
64386665323232616234316363656662306231323363376532613537653066346239663266343739
37633833396333373939383265343339353566623262653064653238663237623436396264646366
34356538326262663637656465333335656437323563623464663066383638373265373437383265
37363361386231623033636136396231323836376161363635313535383137633538393233363337
38386266666235373038633838666534386530373630346130616133353632393734326334383964
35356236626162383330646266313539336265316361333038653635323432313463313736313634
31336433363466353466396463343330353630663362313439316432306561663535306134633032
30636464636634323634336466643734363262656330656635363731653264383165363166373963
36623139336132393062333330343464626662303361363734653533396563383164633064373066
38363236663238363465643037396637326631646531386463353230643935363738643931636661
35373636383432373966336233666162313736323666363461646238323563316435393331356538
63333236623362643037633033393532663537396339303132313264373233623638633561666265
33313665626462653566633439303534656336366332666162336134343532633163343865333537
30656133636665353764626538316635626166646432653763613364353533663638643037386365
62373133323838653262613561636335346630626666613965343463343633623936306430613262
64613138383939643839343337653363626265383364363035313763306465663731333138353165
36623033326331343730326631663136343537306263313238393032356530363166636539363231
64356430386330303438626163643432366462383665666163633435353932353962326361393032
38333439626338666130323834336334396164373537616261336532366265323938336434326438
36303933653338356438356562323963306666383064376433333366326637396662376636393131
39346238316332386339323337396533383633666132633566346665653235646163376666613333
31373232373564386433316362323838653562323831353239653137313862346338376433336463
36656339643463353562383065636262363139666361653365303731373034616132376639303062
32333038656332356662633030376665663338336436626265633038393164623766633631326561
61346234623538343430653238626637633535363166356462626665376161336135613837386163
36333935363432303834343736303837663030383062613131356463333934373266376336363136
30623064306439326130666364643463633630313063303631633163363132346363653430666431
34343739383035626232636265616336636234303264663531393665393163313833373864623666
35343435643732303765326237636539663539333133623862323437646434623864666165373333
37353265393665333439616437376230393366393765366265663665646233663436666265396166
62306638666432626464323561343664636461323839393465346634333631346333376263643465
36393733616462316665663364386530346163623633623563393930626663373062656338633265
66623839613934343262313066386165323439356264656262366466393934346264663833376233
66633336383235386333336565303137316663613839366634333039326664626466303837636333
35316437646431376336306137633536303035306162393535303733366661623632356262346639
39396465393630643133303130383863326365323162656631633239366433346633353134306231
63616162393732363231613736643263653439383962383131346136663839666666663534333838
63643736633132373133353435326430613262383762343633373931356563313333376432306366
34336130636438643765616361313837366137383631626266383036663066653635333431353139
34653165623232646635
