$ANSIBLE_VAULT;1.1;AES256
38653765663431666461616536323930613435623739396236323363313536306631366365323938
3930383734323165383335323338343064316531653466300a613363643466643861623733633432
30373839343064386638343231353131613535383339336632393937393732326132366430396133
6266313163633132300a366330636362333831356234383430336237373430633538366661326564
32323865353162393863333034663530636439373733623763333633623635653837386165383264
31353439333062643466663861353431343262636536303231636536666162386338633734373065
38373966313532376261663534343463653433383366663561356337343566653962353762663732
38383837646164326537303630666330306135336236623133313265643966663139663137613334
37316131636534643163306437643037376531393833623539653665643764383136346233646639
33323666383563316234653732316632636437376539613639346464636265333332336536656332
31356338613938363939373830326261366137356461656237316532316561313034346638353734
38393131366161366535
