$ANSIBLE_VAULT;1.1;AES256
36356136663564663466623964373136653666666436396130663963306466633532326466353732
6331333735383538613166316263333038643962326531350a373930663364613236373364626235
33333865633934303965373934636432383232303335343031303365306162386538386662363037
6332383334656562350a663563353737373930393735393463353362656264646235626130656333
30376632636337333830333830353362313036303534616665313763333661326639306335353734
36343335366338306437373435616231383361303666323937333930303132336162623761623335
64313664353564366332396230613736373133353334623134326564353466363033316231396563
33643833643166356636656166623332353861633166643132356138393161316435623339383062
34653639613864313539653036393439646166616365393365353330616163333664663539646130
31316631346335313130386161343466353162366131656439353131356537356566373934616133
64316231333365373438323133363235356232346638333361663061313762616431666466636137
36353532383139376534623131343435636264336665666564313662643465623663373531623934
38356538386433383962643734656333633934316461653766653463343466626465636639363766
36666264363033346363366361303232383034623037643835616663633130616531356437383039
37653333393862666637613436616164653863626438346432346338313661663434643933386162
33616339343836323931333934313063393862343132363939663834313039616563373230343163
31383539633234636537633566656161633466366332356436323538376365343235666265336632
37366231383030623037623865653534623765616264373633303735396638626136396537333436
35633330636263376630363433623330633664336362646536313235613466383835303063633763
33343863363832623137616164633735343438353263653861333666303862373831636237353961
33346531643262656134333539303232646361343037303966336536326432363433643333353037
35346230626161313830613333373163366536353935373831643566366566366566326336633039
64663537646636396636383066356636316635653036633939636564643364643165353666303034
35663661333764366561663532363737663764636162613633656161333661656531626637373934
62396538666538376439323461613831616139303831646163363131336639313463336463666261
66303166393831313134656261663232666334643835373365323961616264353938313730643234
36653462386633363931666464313864343866373061373162326564383038393162383338336135
32626230343037666531303537663565383736643564633639626234393330333365666631363835
36313333333934666338363434333732343462663234363835336566346163633737646165386537
32363561653561363965386266616539333561343561643063326639643830326538393666393861
61373964313238383237316234646566353562626335346563356464396236323062663032353539
62366234346364396330313731376261656664396630376462393935336631366230303234346565
62616364363665353165336536306139666236366435663432333434376632393837346166306564
34663563656161366136633032393661663666386263363836316235636132393039383632376537
63643261383131353433326262623932373362323561313233323130336166333962663864613035
32656637626334333835613331393434633632376637323031333330366634313738623866303434
34663539373864643535646535326632336239353538313664666538356337663162336133623262
63653835373331613263663266306462616336303161386162643534316661653136653966353936
34363833623134633336616461333030323966653735333462343637373237646565656437313332
62343364633032366633386634376135653835653833373136646263313030313030306633336433
35643133386562653165306134343634373364373962623864623334333335353863633038656538
33356635633137323633636639313831353065646632356239303731366337306537356664396637
34646234323235656632633330313263303732613638636531663232653533303434353062633562
39383934353838396531343435313366313638633438333261666138383438316362663932626431
33323637633833643263353338663830653563323766323130393730646535386239353931663864
35336662666539623733323966333039326662393963356536396163353964313833656437313532
36356562373663653734333064656362623537303266333063316138336261316134373464653162
66383863343936343932343731636633353065366134363032613639356633646234386433383763
37316464633866333230666230653036336233633564303464383836636162636436386134646133
33643265373864323363326634363032373962303261383339653664373065616635373134333238
33313933356133333731666134363139663336323831626330656335623562653365383438323134
36626532363663393537633934383839653038313230633832346633653362316330316135306662
37616537643662316333633864626337373735303061343163656632623034633531386662356366
39636133343437613131336230643934343336666537396237376231376537363434333134656338
63373836653364373333373232623734653565353066623439333234666537323035323733336563
61353661326561643465636337396632383436383630646663393633643366306463313332373231
39396265393733356337626437323063303962333531396163643966396461653963323636656462
61313933303432303138376438343064353133653564623639643535623536356634393730363931
31386435653736626532656431663837633532646662613632356232353964613364643363383166
61623035343039356463316234366630633130626430386165633435366333663162356238356638
66343633663332633663353731396432613237313631393830633264353438386632366664333965
63366365646566643062313537376237366264373638656639376539316165336632333233363965
36303435626139363764653766333266333532326639353965356264373262326433383135343361
35623462343337393463653362656462663632313265313136366439313830383865323534363336
39333936633462353033636636363165653666613734373930323363633230643734663063353835
30663036303563323763343563623431366238616339303933386233646234303662303939663432
30653865306162326634386138336332323163623739663239326230363635656664306665373232
38613234393239316362653632613735356266376632386462663334626365376362333765333734
30646132393465376230383438666431653437306538616537643665306561303038353732623836
64363565363062623262393734636636356232323933313631633037623262376634326137323466
32326662336663363739663637356337663863363339643562653633633537616236343461633032
66653939633861616536343033303964383533643261323837653333313732353739373965613061
37343138623333343931613032386636353662353238393164386365333036353133623861316562
65323436376463633539643637653962633334303037663733363863306431306363333566313832
37616230613332336165646463353761353165333134363965393133343161353366376331303038
61306132643438663934636666303566613330383530333732303464633564363332303761643037
61373230653935316535656138333238353262623462653931306266393961623438393166323038
63373666373238636464306135303239636537626331633461353032613335376437663837316366
63316665633230366336616333336137303032303166316436383830363433363461323931373933
62393863613835363039316465313033326634626362383465623364336330623532656431303166
32326662333738393066326437366538636463353634653831383035336433343032396463626163
30353063343635336539343435316139303732303838346139306662313737393262646334636663
64666366613665633166353235646230643036623730326438386535303737343533313432656138
31363462303238396333396434303537313537356231626534373335373865373831613538336161
62326664643734613965373833323061663036383335306463666135646330343234616132303463
62613633316461326639306132303737336135363033643662343738356235313637646338653966
65646431663339326562303662653037313332373362313466613534336134633266613563653765
30326264353463393932393038396530313436383035633234636465333966633336393830623534
65663663656634386465613539336535326134363061373661303861386263393938663063396339
62333263333338326137653166643035343635356261323137363566653931313838666132613538
63666236303537316566366430626234393731343836313464663030333964396436623732633436
33646462383961366566
