$ANSIBLE_VAULT;1.1;AES256
34303137353630353036633261303834353433333539333439363836333832383064613630613135
3364336530326230326239346164663137343663643130620a393866303461303037623833333636
32373838626362666361343266343863663663613736306435613633393730326635376232306332
3733386538323061390a396430326632313337393063623161303439623336323961666535636632
38366639393335343964613962393866363134376466363464653365336566613932363834303664
63393735663333383566356634333234613961643361646138663031333730313864303362326636
66386465373535633131656234303966346663396563666363366536333663636339363138336238
62663864653333326462343236663636373932306663643365383134386461343637346139383034
65383162373439386136326336633434663666313133336265306563636539383063626432306363
63356338356466663766666232653366613934373535323566613662373265376436643037343331
38326535373432323538313330346566336331623339633462633432363334303331373037346236
61333439633831313266393938666635386362633964356431343436663831353366636664643633
38663062393964663262353665343963616638363232303935343866656265633365343139623565
37373061653632313735626262616664646566363665376166666632393836633534383430366461
31383834393332623464386636636161326632626563313538326238363035393736643233353735
39666436396530393733633437656430313262316164646661636266326236376431616231316165
35623066396566666565313036346632643035383832616531316661393533306437653631613637
38653630633532633434363964383563326265636133393631636534663166303034376262353165
37636232613065653537383733643130376634356133643430386636383363323831356632386533
38363165373265333665343264343833313466633963626436303265363439666664306437383935
66663463656265616261663632353936616239613066353962363835396132643862663336663764
37363938336330333366386638306666323235643561623962633965373361363161623931363331
39643438316664396334323662663936333532613239666536386664393730373639363063643763
39356465313830383034356537363236326530323439666364653130346166666566353538336434
39396239643961623930396434386233633837306262623363323739313363616536303266373733
30313165343864613030326564613164373930383930393431316333333531653031633461626339
61633630616564616334323134656531633164303566333566396634626331613930303964303332
61326365363263386130303739633838613235663736646239303162633233373131306430613131
36313032366131356633313232626230326331333638393030366463663630393966663438613162
31643333623664353437373232306463633463366130663732616664303636363864626163353739
30313465313333373837303333333665616561306161396533653338393632643936616261356262
38643566306461646438613638366233373832326562393231623433653866343635656138386637
37346265313864353532633661356663336162356536316236306264393435613563
