$ANSIBLE_VAULT;1.1;AES256
63373466613363373537613436613337643033373462323635656136353831303931633936613637
3464643230313834616565333030353762333732326133390a613634353239393564336163316466
31363236336261653430363732623737343736336630636631343235353237316533663230363630
3464616536316436650a646366393730663834316239643630663862373230363038343564363932
65303632626165346662326636383635386362363564613037663865323934323562623264366631
61333062326236326636633838306333666230393564376432626434336436613332626437333337
30306434623634663133393965373539366137663032353434626661356462666266613636376332
36326663336563376434376162626165636535386539343232323635633961653632663437386564
36623631323830326539636166633061366539353433366630363365643862376366316565656166
66383562626462613663313766366134663538636438623835643138646230666239363765303833
37373936393564346537353361333031633036316231316261623939323236383561366365346462
31663466353938636631
