$ANSIBLE_VAULT;1.1;AES256
66663631353634633337383330643338373663323664386462363734343832323265613036653637
6232656235643133373430633533373463643062393431360a393064366337623831383464313235
37386261626561383336666636376139313436666565353764373066323165386561316632316565
3732363032343230310a373963626232313661633039653635343237393837663134396636643866
64343963633963626237383066306634393436633764623961616462653966613335336633663232
36616433363237613364633937636138303561363065656132346563346534643261633361353764
66666134303563366461356463393030363936306638393937663266346433626663336333326462
65653565633835323463353731363364646236353161383439376434346363393531336437636436
63333766326435643935383831326465373436376131663437623135333864656632633532336133
65666336653035663239356333333534306336373730376536396539303164383964363237613930
32643435323362393362306630623431393838393065653231303837396437633062316564356237
31323032663934396638623835376163363439366337303737373766346333616263663236653431
31373461363637363561376135383939646465323863623339353434343837333162663332613437
30636634653237393062373731386236356233376430373633393462313637613866636663633035
61633930383264613766636236646435386363316132306231303363376338396164666436393938
30653739613063613061376530363334636236393366653231343939323764646661303236366266
34623962613530363339636330666630663465346439613833303766386633376232386566623865
37333331373435376231313165336165346166326163323761356133613036623430643232366164
37343136343537313039386536363666653632306637366334343165613966373934333431663339
61373031393435323630626238646534363166363166643530383734383638613032393564313939
38663436383861383762653261363036373639613731613939613932386535363763373433376336
63663265643133656235643933306533643461326364633463383639613964653536643434343934
34633433333263626461666234323665633961333464346361636135323637393031353536333965
37613665343464303331333363626437653337646538623337313536363835613634356265663433
38636530323466356337643735363733356434393631646564383461376439646532333030306263
64373563653865343066383862653932346364663465303038656434316339386361663533363338
61663338623762633339643033316539653034656261353130343032613864333537393930393362
63343439386336653138383031373331656164633431623062323763386361363861313163323830
39356133623863633234393138613431633938373365313862646235643634633530313764386461
65303237363437663433366132376230616461363266303862323139343562336632373230626339
34666435363831373462383134363034343136356336366134323633323433396463353530633730
38356563643332373332623565363135356530633434666164383461363061363561663661306161
39306533653536646162363737623135653130653437356331396437373736666238
