$ANSIBLE_VAULT;1.1;AES256
39616237636635373064616435633337626164313236383366336463383066646436666666333730
3038396234353535343961386336333835326137393135320a373662663763653035346330316266
62386666313765353736373731386263623837316262383636623536303838343931666231303362
3032353562373164610a633038336465393439643634643966326534303736323162346132353961
63393836363432393935336339373062616663623765333132623834303061393935386663623834
33653233363164303430323538376531373631306465636136316636616164353534663564323231
64376432336335323036393439356333333161653835343866623562306634666632373665333137
65376332653431396436396135353936613266653264666630653736353564353837396266326537
30393735333938333165373039363632656135653737613537633933663163333438393865663137
30393162383933306238313732363434636465343639353332363939353234346664333463306532
34313262353237363462613534313364623439313561393463613833336234653833356139326164
32353766613734303530613666326336646332303764383437313938646233396164343561656336
65376435663436313861633335306661343930306137346439626130383662333566346330653933
35363066643165313065373630343863383239666530633837656439666463363837343834653236
38336535353861393561626164346664396261343835613666363963616332366137613130363630
62396666346538386362663631623565633439323135613363356138613137373664636139356530
38323839613562646462393931656138393938306263653836333637393433643235316535316538
63343938346636616636666265383638373131636136373866613936633739646532623038396239
30646230663437643964633532646138653165376264633334613839643365623532656434646230
62376266343436616630363833653532616463643663363261376439613563393235616465663762
65316131336133616439343435323763396339346536643763386630313761333537616536663931
63616137303661613636663161373666323631616539373538323764366664616634356135613733
39363330363363393933313865323066313330626433633738366633303931623236616361613262
61323236626633646431613263323039623166323933663638646162623836316536373432613465
66366462336164643431643336623233316339376163363630653363373264643830366232626163
38663136313933333563336166623230313063643130656466336531306366643961386433396338
65316163376461383438633336326536333936343939623638353266386466366530396663366638
39616638653134356564316537363234666261303730343261303465353230663232363639656438
32613430616461383932306265306434643631646164333130323434343665613639316463303932
64333464373631366463633734383131386131356331623433633935373936333537303863313861
62303466356530353839346562343739376262643531396365633565393566383266663064373535
64313062633134626232343730393462633761636237363130386239613534333038303163323535
39623437393435313962333635616263636632616366306331393431646138633463326333633532
37306664653832326464646464653138356533613163396532303834313235383064363662663836
31353935646264373432396435643434353063376361653465376238376463306538623834376263
62386262623463306130623562303361336164386537633037663064323332333433653932653938
32393633323835346431383231623561633436393733326631333761663738613863336330376639
65336332663832663934643266383563346430386136383365346564636331313132303830616162
66343932323661366137383861383537366334616139323430383538343066663764393963656539
31653839383031656538323336366236646666383666343566386132336634366633383763386535
64333534346533376365376137353766613862363961363730336438306361643964343363383233
36323764623166366564313832666438323039613935303265623730626136643039356539343666
30623138376162326132656639326561643261306537646261323835303464323130303533306533
64333564306564303334393735306434623563636661336262303938313561623663653639366437
35383065376163363533643839323331333934623061336239613134646236663838623362356337
64353263333536346330353432323337373964646464643265323033376635613265316131613938
61346339646166393764323833376331393064623963613463653966616339363935656665373737
38653437633065613432363631376336346234313631653661383861623436313562333933623130
32653761376261623239336331653764616531393432623461663464313837653863396463323265
30316365666464316134323863646535363735373663663465363863303566633239346464353535
33623332313066393663393232393063353536643337376365353531383731626530613439383035
37653439373632366130623164363730373162383966333333646364666266363265313535353333
38383865613830643461643632353662333931616663303665343033316339636263353761386630
30326435373961376166383231613039303734626563616132353835336464363530636438616561
35353939633461353333653039383365653965313736303561363234653038343230376535626539
34353261393436383830303635376434356664623434353730666538323030666139393964666238
38346232373437643039613864346332643565633661326131353734303836386664613035393030
33643866336134333536373430326165333437373261643131393633346666653633313766393931
33653833386364373230613065343933633334666264323163336635343565626565303138346262
64623630383462663265303438393230303631656665333161376239636564346265616430633437
39613663646166613237313131663937323433343366663161656431383038626461323362343361
66313539643832313739313930336137323062633136613134363264356364643362333332383732
39343134663036383766633362663334383235623463656161373332666562656665636633623837
30313437626366363739353763396533383035636430383236643938303832343437633036393332
66333639383435666362336435396439356136666431343331643939356662646565323332313330
39303436343333636339623033643534393562353230303336313539656335373732373064336464
32633365303836643835373939366164613238643333396636316463623662616166623833666666
39396261656230646363323861656363623634626536653463323566346332616134363738353436
66303663313066646239613132323533356337623538613031313831386636313566303233633037
39643635386239613263323339313130316461316364623333356366393935333632626266643036
30623430376434306264623131313537633766633064623139376133663339336134316133336461
30663830396334643133316437323666383132633238373137623437666334356336383733393530
36343036636133643137633731633932636430306336383966383062313461666261396166356332
61643735303839376662343734613665613665303130396237633435663764323364633762656266
65636339343935323536326263343637376361393130353730343933643865336534336236336638
32616333313962616662623265656661663066383262303236303264336361313732376162393163
61623462343362303732343033343965313164633435656164333236613963356461383061346661
39616237303566363966616461326535306538336561623234616537303262356363396137393162
37343536623161333230346437343830656464316435343230353031623831663132353631303337
62323962346633333437333533343439636439343638346239373065353961656461653563383466
63363532663139643732343637656539646433643864326465316666336262623266616565303961
30326362626630393430666664666336616230306635303361326365396365323161313830316631
33306436383164343035613536656231396666663536366437643239323836386466616230303231
34373434393534633366646462663237393966316235613033636633333365326537383566393635
34653237356362663835303136303861613963653738356133373763646631623762356337356466
63353238346362393464326436333665313834356635363435613166666433623365646135393965
383839336233616436303538623132376337
