$ANSIBLE_VAULT;1.1;AES256
30666635326564373135396538633237656336376163653232646461633461306232393937333736
3636396231333035623163373964316366353965393733300a336364626436663562613134383563
62633236666163626566363937363265343336376463333864303139623237613735666138353166
6262336538333931300a346266666235386663303332326434653236316539666439663039393234
35653737306336653030373561613230396666643130353933613066303233616339636434663864
63646532393834623236636231353662643039363932336631666462663565633636666262396139
36313138363263353130663036393132383934643539303231313136626165303434353935626231
33633531366164393063626461386662303635306666653331616136633434383334623833613262
30636438316264656330663935373031373639303638636261303036306134633564373063626639
35656563313263306562626531333536303665323562393233656561623237636532616137363638
37636332396562373764653766376433616234373034386362623337386138376538326461323365
64633835663934626465303930656364623332343563333733393039663437313866356532633361
64336461653762353862393635353030613431393032663561643439303833663730316230626361
34356265623864306664313463353531356463336463626335313033623663343666393863373061
31333362663535633539326132346439633862633131633333636566393332633032373630643830
30343732383533643362306333326663616466393934613433666665346538653361646139616633
66383265633930623633306263333436356638366463393239343037663137343036386163336438
61323562303533333066643865613634613132343935396636643662663730633532356463363035
36303932643237326637623034383463313164653134353833363863396664656261303134343339
61326539323039646162326665336363333230366636373336366436623333333230376665383330
36306337646139623237373531333933343130343762363236306363636335646336376364346130
65613030383463383862626330313539346661316163636238656162383265316566646464323833
33306236363138313639336439626662396330346463623264366139353066346433303837643130
33303438663663343636653532323934626335336431313763323536636161656537613238396537
33346465313336376661306338343166323537633838363563316437353636383664363165336231
64363233623539633864653063656666623363393462613333313739386331373263653464376431
64343861623039363630633732626564353832373532366436633532653464643338356265623430
31383262306134376661636230393362356235383837313937366365613439303666663765333336
61313734386430383263313735346462376261643362306466653833323166613831643665353064
65643235653839363630343330303465326364386439633766303565613038666232383061316632
38356462643161396330363264313766386661336164386263626661633363353537653039333331
36373866346338323333346463313830393735303663363932653031656133303831316462313634
36643866383566636434383132366532326661303362383364386538306665343132383366353266
38363632323164623034353465666538633038666161373336666238613932336431316435663435
36346335313739326661653730653937663534656332653766376461336438623631333335353033
34656632383563383933633361653561393130346435633636623438303536346331333134633961
35346564623039353062356334366561353262633631623566353936373734383034393832633931
36366537356362336365313336393335666131643237623365333065316631633531623634313633
62316663626261323561323838653133386133636462613864336132663533663037393963383961
39613062313934653734333235626666396263613063303335353734323535653931386564333333
30383237616135326232653132653839656266666637336638393637613165336631663833356339
61363562663662346139343530366662316134626261346635333134383236616234303965663962
37623830623336616363386535323337656532336538373732623939343239323661333664303166
37336633666331343333306130386236376163353837653333643138383463313234636539626437
39313037636564636436373438366262393566353262663161356634316664626538393233666664
66393836363433626335343464386132643537343662323866306439396136663030333731653534
38373439646638656530646135306638613861636430393033353966326130383733383436613830
39306461643030343832343834326130343937323530346533646464616563393465326139316437
36643639633763343132636136353034383330646333613361376239643737616635313330663565
66356538626662613838323035396236383133313639363038393632663733613065643136373663
30646234386634323166653034316133343961333931623734363764343061633231393363366434
32653932323435316365393530663566333366346566393334376266353232386535383264343961
30616636313533663466656461613738356430613931326232313664303436346436653632656665
62326134336636643330323239616561303732306330393330613233616632343066633235393738
32636131613939626165333530353038353863323335653736653365326262313333313965383363
65326465353863616461343061623031373466633765616366366665646634323032363362316238
32396464313934383934336338313233386532656465363030626132653132373038636465373134
62626637626366336336613262333361613765623766653564643739383762653931383933646532
37393034383365376639343566636463613662363635333233663562333832383363663733303263
61363834633230356331313966386230623635396239646561653434396531316235363333656638
33646239356261343861356164366337633335313531363336323665313339376164383333393432
66626164663334346264663237343535323835323737663136396462323665376132313864623632
35356361636565333434363936623064363031633133616465373337366161313439643731633133
39386334663262636330383039653337626436633734393032343434626232373263323937653664
66613531366533383733643234656562646435663739313565643232393364616538643631643333
34306237333239626236653236316631663562633531326335623065363036356362656633396330
31613463323063393935396134343035636337623730636235366139366561643166643034363865
61313333376561303764636230306662356630663537633138386336373730383266656530356161
65303164333131346236336336303937396132336666666237323039383462346539393931343634
66326230313634623361666461376465613461626232333936333965346538653663306235653232
33616430356563616335316364326439376538356161613966656335613865633736393065313764
31373535353936353263643634623365336565386563313538616335396631313466353162336531
61356239356436626133353862366562636435313338393737363933643266363565353336343161
30353330396232323466633962666231303630303936616430383436636663616264383539363138
33386361303961353166326132313237653963376263383462623164346465373235373161663465
37653731653361323661353635373036336533646563636136356438373338373730343065383235
31636534656361333433373536613634333165323830393534643366353236346632323130363930
63383864306533373636386664343133623065393232373839616462616236616637376537343130
32313838646338323137306332366138376265336133656631393763313436333863386538333733
37616661313939303936336137333332323330663539366538333134393762353062346563376138
3263
